#:x y f
0 0 0.000000
1 0 0.000000
2 0 0.000000
3 0 0.000000
4 0 0.000000
5 0 0.000000
6 0 0.000000
7 0 0.000000
8 0 0.000000
9 0 0.000000
10 0 0.000000
11 0 0.000000
12 0 0.000000
13 0 0.000000
14 0 0.000000
15 0 0.000000
16 0 0.000000
17 0 0.000000
18 0 0.000000
19 0 0.000000

0 1 0.000000
1 1 0.000020
2 1 0.000048
3 1 0.000089
4 1 0.000149
5 1 0.000230
6 1 0.000328
7 1 0.000434
8 1 0.000529
9 1 0.000596
10 1 0.000621
11 1 0.000596
12 1 0.000529
13 1 0.000433
14 1 0.000328
15 1 0.000229
16 1 0.000147
17 1 0.000084
18 1 0.000038
19 1 0.000000

0 2 0.000000
1 2 0.000048
2 2 0.000112
3 2 0.000208
4 2 0.000347
5 2 0.000535
6 2 0.000763
7 2 0.001005
8 2 0.001226
9 2 0.001381
10 2 0.001437
11 2 0.001381
12 2 0.001226
13 2 0.001005
14 2 0.000762
15 2 0.000533
16 2 0.000343
17 2 0.000197
18 2 0.000088
19 2 0.000000

0 3 0.000000
1 3 0.000089
2 3 0.000208
3 3 0.000385
4 3 0.000641
5 3 0.000985
6 3 0.001401
7 3 0.001845
8 3 0.002247
9 3 0.002529
10 3 0.002631
11 3 0.002529
12 3 0.002246
13 3 0.001844
14 3 0.001400
15 3 0.000981
16 3 0.000632
17 3 0.000364
18 3 0.000163
19 3 0.000000

0 4 0.000000
1 4 0.000149
2 4 0.000347
3 4 0.000641
4 4 0.001066
5 4 0.001634
6 4 0.002320
7 4 0.003050
8 4 0.003710
9 4 0.004174
10 4 0.004342
11 4 0.004174
12 4 0.003710
13 4 0.003049
14 4 0.002317
15 4 0.001628
16 4 0.001050
17 4 0.000605
18 4 0.000272
19 4 0.000000

0 5 0.000000
1 5 0.000230
2 5 0.000535
3 5 0.000985
4 5 0.001634
5 5 0.002500
6 5 0.003544
7 5 0.004652
8 5 0.005654
9 5 0.006357
10 5 0.006611
11 5 0.006357
12 5 0.005653
13 5 0.004651
14 5 0.003540
15 5 0.002490
16 5 0.001610
17 5 0.000930
18 5 0.000418
19 5 0.000000

0 6 0.000000
1 6 0.000328
2 6 0.000763
3 6 0.001401
4 6 0.002320
5 6 0.003544
6 6 0.005015
7 6 0.006576
8 6 0.007985
9 6 0.008974
10 6 0.009331
11 6 0.008974
12 6 0.007984
13 6 0.006574
14 6 0.005009
15 6 0.003529
16 6 0.002285
17 6 0.001322
18 6 0.000595
19 6 0.000000

0 7 0.000000
1 7 0.000434
2 7 0.001005
3 7 0.001845
4 7 0.003050
5 7 0.004652
6 7 0.006576
7 7 0.008615
8 7 0.010454
9 7 0.011745
10 7 0.012210
11 7 0.011745
12 7 0.010454
13 7 0.008612
14 7 0.006568
15 7 0.004633
16 7 0.003003
17 7 0.001739
18 7 0.000783
19 7 0.000000

0 8 0.000000
1 8 0.000529
2 8 0.001226
3 8 0.002247
4 8 0.003710
5 8 0.005654
6 8 0.007985
7 8 0.010454
8 8 0.012681
9 8 0.014242
10 8 0.014805
11 8 0.014242
12 8 0.012680
13 8 0.010451
14 8 0.007976
15 8 0.005630
16 8 0.003652
17 8 0.002117
18 8 0.000954
19 8 0.000000

0 9 0.000000
1 9 0.000596
2 9 0.001381
3 9 0.002529
4 9 0.004174
5 9 0.006357
6 9 0.008974
7 9 0.011745
8 9 0.014242
9 9 0.015993
10 9 0.016624
11 9 0.015993
12 9 0.014241
13 9 0.011741
14 9 0.008964
15 9 0.006330
16 9 0.004109
17 9 0.002383
18 9 0.001075
19 9 0.000000

0 10 0.000000
1 10 0.000621
2 10 0.001437
3 10 0.002631
4 10 0.004342
5 10 0.006611
6 10 0.009331
7 10 0.012210
8 10 0.014805
9 10 0.016624
10 10 0.017279
11 10 0.016624
12 10 0.014804
13 10 0.012206
14 10 0.009320
15 10 0.006583
16 10 0.004274
17 10 0.002479
18 10 0.001118
19 10 0.000000

0 11 0.000000
1 11 0.000596
2 11 0.001381
3 11 0.002529
4 11 0.004174
5 11 0.006357
6 11 0.008974
7 11 0.011745
8 11 0.014242
9 11 0.015993
10 11 0.016624
11 11 0.015992
12 11 0.014241
13 11 0.011741
14 11 0.008963
15 11 0.006330
16 11 0.004109
17 11 0.002383
18 11 0.001075
19 11 0.000000

0 12 0.000000
1 12 0.000529
2 12 0.001226
3 12 0.002246
4 12 0.003710
5 12 0.005653
6 12 0.007984
7 12 0.010454
8 12 0.012680
9 12 0.014241
10 12 0.014804
11 12 0.014241
12 12 0.012679
13 12 0.010450
14 12 0.007975
15 12 0.005629
16 12 0.003652
17 12 0.002117
18 12 0.000954
19 12 0.000000

0 13 0.000000
1 13 0.000433
2 13 0.001005
3 13 0.001844
4 13 0.003049
5 13 0.004651
6 13 0.006574
7 13 0.008612
8 13 0.010451
9 13 0.011741
10 13 0.012206
11 13 0.011741
12 13 0.010450
13 13 0.008609
14 13 0.006566
15 13 0.004631
16 13 0.003002
17 13 0.001739
18 13 0.000783
19 13 0.000000

0 14 0.000000
1 14 0.000328
2 14 0.000762
3 14 0.001400
4 14 0.002317
5 14 0.003540
6 14 0.005009
7 14 0.006568
8 14 0.007976
9 14 0.008964
10 14 0.009320
11 14 0.008963
12 14 0.007975
13 14 0.006566
14 14 0.005003
15 14 0.003525
16 14 0.002282
17 14 0.001320
18 14 0.000594
19 14 0.000000

0 15 0.000000
1 15 0.000229
2 15 0.000533
3 15 0.000981
4 15 0.001628
5 15 0.002490
6 15 0.003529
7 15 0.004633
8 15 0.005630
9 15 0.006330
10 15 0.006583
11 15 0.006330
12 15 0.005629
13 15 0.004631
14 15 0.003525
15 15 0.002480
16 15 0.001603
17 15 0.000926
18 15 0.000416
19 15 0.000000

0 16 0.000000
1 16 0.000147
2 16 0.000343
3 16 0.000632
4 16 0.001050
5 16 0.001610
6 16 0.002285
7 16 0.003003
8 16 0.003652
9 16 0.004109
10 16 0.004274
11 16 0.004109
12 16 0.003652
13 16 0.003002
14 16 0.002282
15 16 0.001603
16 16 0.001035
17 16 0.000597
18 16 0.000268
19 16 0.000000

0 17 0.000000
1 17 0.000084
2 17 0.000197
3 17 0.000364
4 17 0.000605
5 17 0.000930
6 17 0.001322
7 17 0.001739
8 17 0.002117
9 17 0.002383
10 17 0.002479
11 17 0.002383
12 17 0.002117
13 17 0.001739
14 17 0.001320
15 17 0.000926
16 17 0.000597
17 17 0.000343
18 17 0.000154
19 17 0.000000

0 18 0.000000
1 18 0.000038
2 18 0.000088
3 18 0.000163
4 18 0.000272
5 18 0.000418
6 18 0.000595
7 18 0.000783
8 18 0.000954
9 18 0.001075
10 18 0.001118
11 18 0.001075
12 18 0.000954
13 18 0.000783
14 18 0.000594
15 18 0.000416
16 18 0.000268
17 18 0.000154
18 18 0.000069
19 18 0.000000

0 19 0.000000
1 19 0.000000
2 19 0.000000
3 19 0.000000
4 19 0.000000
5 19 0.000000
6 19 0.000000
7 19 0.000000
8 19 0.000000
9 19 0.000000
10 19 0.000000
11 19 0.000000
12 19 0.000000
13 19 0.000000
14 19 0.000000
15 19 0.000000
16 19 0.000000
17 19 0.000000
18 19 0.000000
19 19 0.000000

