#:x y f
0 0 0.000000
1 0 0.000000
2 0 0.000000
3 0 0.000000
4 0 0.000000
5 0 0.000000
6 0 0.000000
7 0 0.000000
8 0 0.000000
9 0 0.000000
10 0 0.000000
11 0 0.000000
12 0 0.000000
13 0 0.000000
14 0 0.000000
15 0 0.000000
16 0 0.000000
17 0 0.000000
18 0 0.000000
19 0 0.000000

0 1 0.000000
1 1 0.000035
2 1 0.000079
3 1 0.000138
4 1 0.000217
5 1 0.000317
6 1 0.000431
7 1 0.000549
8 1 0.000651
9 1 0.000722
10 1 0.000748
11 1 0.000722
12 1 0.000651
13 1 0.000548
14 1 0.000430
15 1 0.000315
16 1 0.000212
17 1 0.000128
18 1 0.000059
19 1 0.000000

0 2 0.000000
1 2 0.000079
2 2 0.000176
3 2 0.000308
4 2 0.000484
5 2 0.000705
6 2 0.000960
7 2 0.001219
8 2 0.001447
9 2 0.001604
10 2 0.001661
11 2 0.001604
12 2 0.001447
13 2 0.001218
14 2 0.000957
15 2 0.000700
16 2 0.000473
17 2 0.000285
18 2 0.000132
19 2 0.000000

0 3 0.000000
1 3 0.000138
2 3 0.000308
3 3 0.000537
4 3 0.000843
5 3 0.001228
6 3 0.001668
7 3 0.002117
8 3 0.002512
9 3 0.002783
10 3 0.002880
11 3 0.002783
12 3 0.002511
13 3 0.002116
14 3 0.001664
15 3 0.001219
16 3 0.000824
17 3 0.000497
18 3 0.000231
19 3 0.000000

0 4 0.000000
1 4 0.000217
2 4 0.000484
3 4 0.000843
4 4 0.001322
5 4 0.001923
6 4 0.002609
7 4 0.003309
8 4 0.003923
9 4 0.004345
10 4 0.004496
11 4 0.004345
12 4 0.003922
13 4 0.003307
14 4 0.002603
15 4 0.001908
16 4 0.001292
17 4 0.000780
18 4 0.000363
19 4 0.000000

0 5 0.000000
1 5 0.000317
2 5 0.000705
3 5 0.001228
4 5 0.001923
5 5 0.002792
6 5 0.003784
7 5 0.004796
8 5 0.005681
9 5 0.006290
10 5 0.006508
11 5 0.006290
12 5 0.005680
13 5 0.004792
14 5 0.003775
15 5 0.002771
16 5 0.001877
17 5 0.001135
18 5 0.000528
19 5 0.000000

0 6 0.000000
1 6 0.000431
2 6 0.000960
3 6 0.001668
4 6 0.002609
5 6 0.003784
6 6 0.005125
7 6 0.006490
8 6 0.007684
9 6 0.008506
10 6 0.008798
11 6 0.008505
12 6 0.007682
13 6 0.006485
14 6 0.005112
15 6 0.003756
16 6 0.002547
17 6 0.001541
18 6 0.000718
19 6 0.000000

0 7 0.000000
1 7 0.000549
2 7 0.001219
3 7 0.002117
4 7 0.003309
5 7 0.004796
6 7 0.006490
7 7 0.008213
8 7 0.009721
9 7 0.010757
10 7 0.011127
11 7 0.010756
12 7 0.009719
13 7 0.008207
14 7 0.006474
15 7 0.004759
16 7 0.003230
17 7 0.001956
18 7 0.000912
19 7 0.000000

0 8 0.000000
1 8 0.000651
2 8 0.001447
3 8 0.002512
4 8 0.003923
5 8 0.005681
6 8 0.007684
7 8 0.009721
8 8 0.011502
9 8 0.012726
10 8 0.013162
11 8 0.012725
12 8 0.011499
13 8 0.009713
14 8 0.007665
15 8 0.005638
16 8 0.003828
17 8 0.002320
18 8 0.001081
19 8 0.000000

0 9 0.000000
1 9 0.000722
2 9 0.001604
3 9 0.002783
4 9 0.004345
5 9 0.006290
6 9 0.008506
7 9 0.010757
8 9 0.012726
9 9 0.014078
10 9 0.014560
11 9 0.014077
12 9 0.012722
13 9 0.010749
14 9 0.008484
15 9 0.006242
16 9 0.004240
17 9 0.002570
18 9 0.001198
19 9 0.000000

0 10 0.000000
1 10 0.000748
2 10 0.001661
3 10 0.002880
4 10 0.004496
5 10 0.006508
6 10 0.008798
7 10 0.011127
8 10 0.013162
9 10 0.014560
10 10 0.015058
11 10 0.014559
12 10 0.013159
13 10 0.011118
14 10 0.008776
15 10 0.006457
16 10 0.004387
17 10 0.002659
18 10 0.001240
19 10 0.000000

0 11 0.000000
1 11 0.000722
2 11 0.001604
3 11 0.002783
4 11 0.004345
5 11 0.006290
6 11 0.008505
7 11 0.010756
8 11 0.012725
9 11 0.014077
10 11 0.014559
11 11 0.014076
12 11 0.012721
13 11 0.010748
14 11 0.008484
15 11 0.006241
16 11 0.004240
17 11 0.002570
18 11 0.001198
19 11 0.000000

0 12 0.000000
1 12 0.000651
2 12 0.001447
3 12 0.002511
4 12 0.003922
5 12 0.005680
6 12 0.007682
7 12 0.009719
8 12 0.011499
9 12 0.012722
10 12 0.013159
11 12 0.012721
12 12 0.011496
13 12 0.009711
14 12 0.007663
15 12 0.005636
16 12 0.003827
17 12 0.002319
18 12 0.001081
19 12 0.000000

0 13 0.000000
1 13 0.000548
2 13 0.001218
3 13 0.002116
4 13 0.003307
5 13 0.004792
6 13 0.006485
7 13 0.008207
8 13 0.009713
9 13 0.010749
10 13 0.011118
11 13 0.010748
12 13 0.009711
13 13 0.008200
14 13 0.006469
15 13 0.004755
16 13 0.003227
17 13 0.001955
18 13 0.000911
19 13 0.000000

0 14 0.000000
1 14 0.000430
2 14 0.000957
3 14 0.001664
4 14 0.002603
5 14 0.003775
6 14 0.005112
7 14 0.006474
8 14 0.007665
9 14 0.008484
10 14 0.008776
11 14 0.008484
12 14 0.007663
13 14 0.006469
14 14 0.005100
15 14 0.003747
16 14 0.002541
17 14 0.001538
18 14 0.000716
19 14 0.000000

0 15 0.000000
1 15 0.000315
2 15 0.000700
3 15 0.001219
4 15 0.001908
5 15 0.002771
6 15 0.003756
7 15 0.004759
8 15 0.005638
9 15 0.006242
10 15 0.006457
11 15 0.006241
12 15 0.005636
13 15 0.004755
14 15 0.003747
15 15 0.002750
16 15 0.001863
17 15 0.001127
18 15 0.000524
19 15 0.000000

0 16 0.000000
1 16 0.000212
2 16 0.000473
3 16 0.000824
4 16 0.001292
5 16 0.001877
6 16 0.002547
7 16 0.003230
8 16 0.003828
9 16 0.004240
10 16 0.004387
11 16 0.004240
12 16 0.003827
13 16 0.003227
14 16 0.002541
15 16 0.001863
16 16 0.001261
17 16 0.000762
18 16 0.000354
19 16 0.000000

0 17 0.000000
1 17 0.000128
2 17 0.000285
3 17 0.000497
4 17 0.000780
5 17 0.001135
6 17 0.001541
7 17 0.001956
8 17 0.002320
9 17 0.002570
10 17 0.002659
11 17 0.002570
12 17 0.002319
13 17 0.001955
14 17 0.001538
15 17 0.001127
16 17 0.000762
17 17 0.000460
18 17 0.000214
19 17 0.000000

0 18 0.000000
1 18 0.000059
2 18 0.000132
3 18 0.000231
4 18 0.000363
5 18 0.000528
6 18 0.000718
7 18 0.000912
8 18 0.001081
9 18 0.001198
10 18 0.001240
11 18 0.001198
12 18 0.001081
13 18 0.000911
14 18 0.000716
15 18 0.000524
16 18 0.000354
17 18 0.000214
18 18 0.000099
19 18 0.000000

0 19 0.000000
1 19 0.000000
2 19 0.000000
3 19 0.000000
4 19 0.000000
5 19 0.000000
6 19 0.000000
7 19 0.000000
8 19 0.000000
9 19 0.000000
10 19 0.000000
11 19 0.000000
12 19 0.000000
13 19 0.000000
14 19 0.000000
15 19 0.000000
16 19 0.000000
17 19 0.000000
18 19 0.000000
19 19 0.000000

