#:x y f
0 0 0.000000
1 0 0.000000
2 0 0.000000
3 0 0.000000
4 0 0.000000
5 0 0.000000
6 0 0.000000
7 0 0.000000
8 0 0.000000
9 0 0.000000
10 0 0.000000
11 0 0.000000
12 0 0.000000
13 0 0.000000
14 0 0.000000
15 0 0.000000
16 0 0.000000
17 0 0.000000
18 0 0.000000
19 0 0.000000

0 1 0.000000
1 1 0.000011
2 1 0.000027
3 1 0.000053
4 1 0.000096
5 1 0.000157
6 1 0.000237
7 1 0.000326
8 1 0.000410
9 1 0.000470
10 1 0.000492
11 1 0.000470
12 1 0.000410
13 1 0.000326
14 1 0.000237
15 1 0.000157
16 1 0.000095
17 1 0.000051
18 1 0.000022
19 1 0.000000

0 2 0.000000
1 2 0.000027
2 2 0.000066
3 2 0.000132
4 2 0.000235
5 2 0.000385
6 2 0.000578
7 2 0.000795
8 2 0.000998
9 2 0.001145
10 2 0.001199
11 2 0.001145
12 2 0.000998
13 2 0.000795
14 2 0.000578
15 2 0.000385
16 2 0.000233
17 2 0.000126
18 2 0.000054
19 2 0.000000

0 3 0.000000
1 3 0.000053
2 3 0.000132
3 3 0.000260
4 3 0.000464
5 3 0.000757
6 3 0.001133
7 3 0.001553
8 3 0.001948
9 3 0.002232
10 3 0.002335
11 3 0.002232
12 3 0.001947
13 3 0.001553
14 3 0.001133
15 3 0.000756
16 3 0.000460
17 3 0.000250
18 3 0.000107
19 3 0.000000

0 4 0.000000
1 4 0.000096
2 4 0.000235
3 4 0.000464
4 4 0.000824
5 4 0.001340
6 4 0.002000
7 4 0.002734
8 4 0.003423
9 4 0.003918
10 4 0.004099
11 4 0.003918
12 4 0.003423
13 4 0.002734
14 4 0.001999
15 4 0.001338
16 4 0.000817
17 4 0.000445
18 4 0.000191
19 4 0.000000

0 5 0.000000
1 5 0.000157
2 5 0.000385
3 5 0.000757
4 5 0.001340
5 5 0.002173
6 5 0.003234
7 5 0.004413
8 5 0.005517
9 5 0.006309
10 5 0.006599
11 5 0.006309
12 5 0.005516
13 5 0.004413
14 5 0.003232
15 5 0.002168
16 5 0.001328
17 5 0.000726
18 5 0.000313
19 5 0.000000

0 6 0.000000
1 6 0.000237
2 6 0.000578
3 6 0.001133
4 6 0.002000
5 6 0.003234
6 6 0.004802
7 6 0.006543
8 6 0.008169
9 6 0.009336
10 6 0.009761
11 6 0.009336
12 6 0.008168
13 6 0.006542
14 6 0.004800
15 6 0.003227
16 6 0.001981
17 6 0.001086
18 6 0.000469
19 6 0.000000

0 7 0.000000
1 7 0.000326
2 7 0.000795
3 7 0.001553
4 7 0.002734
5 7 0.004413
6 7 0.006543
7 7 0.008902
8 7 0.011103
9 7 0.012683
10 7 0.013258
11 7 0.012682
12 7 0.011103
13 7 0.008901
14 7 0.006540
15 7 0.004404
16 7 0.002708
17 7 0.001488
18 7 0.000643
19 7 0.000000

0 8 0.000000
1 8 0.000410
2 8 0.000998
3 8 0.001948
4 8 0.003423
5 8 0.005517
6 8 0.008169
7 8 0.011103
8 8 0.013839
9 8 0.015801
10 8 0.016515
11 8 0.015800
12 8 0.013839
13 8 0.011102
14 8 0.008164
15 8 0.005504
16 8 0.003390
17 8 0.001865
18 8 0.000807
19 8 0.000000

0 9 0.000000
1 9 0.000470
2 9 0.001145
3 9 0.002232
4 9 0.003918
5 9 0.006309
6 9 0.009336
7 9 0.012683
8 9 0.015801
9 9 0.018036
10 9 0.018850
11 9 0.018035
12 9 0.015800
13 9 0.012681
14 9 0.009331
15 9 0.006295
16 9 0.003880
17 9 0.002137
18 9 0.000925
19 9 0.000000

0 10 0.000000
1 10 0.000492
2 10 0.001199
3 10 0.002335
4 10 0.004099
5 10 0.006599
6 10 0.009761
7 10 0.013258
8 10 0.016515
9 10 0.018850
10 10 0.019701
11 10 0.018850
12 10 0.016515
13 10 0.013257
14 10 0.009756
15 10 0.006584
16 10 0.004059
17 10 0.002236
18 10 0.000968
19 10 0.000000

0 11 0.000000
1 11 0.000470
2 11 0.001145
3 11 0.002232
4 11 0.003918
5 11 0.006309
6 11 0.009336
7 11 0.012682
8 11 0.015800
9 11 0.018035
10 11 0.018850
11 11 0.018035
12 11 0.015800
13 11 0.012681
14 11 0.009331
15 11 0.006295
16 11 0.003880
17 11 0.002137
18 11 0.000925
19 11 0.000000

0 12 0.000000
1 12 0.000410
2 12 0.000998
3 12 0.001947
4 12 0.003423
5 12 0.005516
6 12 0.008168
7 12 0.011103
8 12 0.013839
9 12 0.015800
10 12 0.016515
11 12 0.015800
12 12 0.013838
13 12 0.011102
14 12 0.008164
15 12 0.005504
16 12 0.003390
17 12 0.001865
18 12 0.000807
19 12 0.000000

0 13 0.000000
1 13 0.000326
2 13 0.000795
3 13 0.001553
4 13 0.002734
5 13 0.004413
6 13 0.006542
7 13 0.008901
8 13 0.011102
9 13 0.012681
10 13 0.013257
11 13 0.012681
12 13 0.011102
13 13 0.008900
14 13 0.006539
15 13 0.004403
16 13 0.002708
17 13 0.001488
18 13 0.000643
19 13 0.000000

0 14 0.000000
1 14 0.000237
2 14 0.000578
3 14 0.001133
4 14 0.001999
5 14 0.003232
6 14 0.004800
7 14 0.006540
8 14 0.008164
9 14 0.009331
10 14 0.009756
11 14 0.009331
12 14 0.008164
13 14 0.006539
14 14 0.004798
15 14 0.003225
16 14 0.001980
17 14 0.001086
18 14 0.000468
19 14 0.000000

0 15 0.000000
1 15 0.000157
2 15 0.000385
3 15 0.000756
4 15 0.001338
5 15 0.002168
6 15 0.003227
7 15 0.004404
8 15 0.005504
9 15 0.006295
10 15 0.006584
11 15 0.006295
12 15 0.005504
13 15 0.004403
14 15 0.003225
15 15 0.002164
16 15 0.001325
17 15 0.000725
18 15 0.000312
19 15 0.000000

0 16 0.000000
1 16 0.000095
2 16 0.000233
3 16 0.000460
4 16 0.000817
5 16 0.001328
6 16 0.001981
7 16 0.002708
8 16 0.003390
9 16 0.003880
10 16 0.004059
11 16 0.003880
12 16 0.003390
13 16 0.002708
14 16 0.001980
15 16 0.001325
16 16 0.000809
17 16 0.000442
18 16 0.000190
19 16 0.000000

0 17 0.000000
1 17 0.000051
2 17 0.000126
3 17 0.000250
4 17 0.000445
5 17 0.000726
6 17 0.001086
7 17 0.001488
8 17 0.001865
9 17 0.002137
10 17 0.002236
11 17 0.002137
12 17 0.001865
13 17 0.001488
14 17 0.001086
15 17 0.000725
16 17 0.000442
17 17 0.000240
18 17 0.000103
19 17 0.000000

0 18 0.000000
1 18 0.000022
2 18 0.000054
3 18 0.000107
4 18 0.000191
5 18 0.000313
6 18 0.000469
7 18 0.000643
8 18 0.000807
9 18 0.000925
10 18 0.000968
11 18 0.000925
12 18 0.000807
13 18 0.000643
14 18 0.000468
15 18 0.000312
16 18 0.000190
17 18 0.000103
18 18 0.000044
19 18 0.000000

0 19 0.000000
1 19 0.000000
2 19 0.000000
3 19 0.000000
4 19 0.000000
5 19 0.000000
6 19 0.000000
7 19 0.000000
8 19 0.000000
9 19 0.000000
10 19 0.000000
11 19 0.000000
12 19 0.000000
13 19 0.000000
14 19 0.000000
15 19 0.000000
16 19 0.000000
17 19 0.000000
18 19 0.000000
19 19 0.000000

