#:x y f
0 0 0.000000
1 0 0.000000
2 0 0.000000
3 0 0.000000
4 0 0.000000
5 0 0.000000
6 0 0.000000
7 0 0.000000
8 0 0.000000
9 0 0.000000
10 0 0.000000
11 0 0.000000
12 0 0.000000
13 0 0.000000
14 0 0.000000
15 0 0.000000
16 0 0.000000
17 0 0.000000
18 0 0.000000
19 0 0.000000

0 1 0.000000
1 1 0.000042
2 1 0.000092
3 1 0.000159
4 1 0.000245
5 1 0.000351
6 1 0.000470
7 1 0.000590
8 1 0.000695
9 1 0.000766
10 1 0.000791
11 1 0.000766
12 1 0.000694
13 1 0.000590
14 1 0.000469
15 1 0.000348
16 1 0.000238
17 1 0.000146
18 1 0.000068
19 1 0.000000

0 2 0.000000
1 2 0.000092
2 2 0.000204
3 2 0.000349
4 2 0.000538
5 2 0.000770
6 2 0.001031
7 2 0.001294
8 2 0.001522
9 2 0.001678
10 2 0.001734
11 2 0.001678
12 2 0.001522
13 2 0.001293
14 2 0.001028
15 2 0.000763
16 2 0.000524
17 2 0.000320
18 2 0.000150
19 2 0.000000

0 3 0.000000
1 3 0.000159
2 3 0.000349
3 3 0.000598
4 3 0.000920
5 3 0.001316
6 3 0.001760
7 3 0.002208
8 3 0.002595
9 3 0.002860
10 3 0.002955
11 3 0.002860
12 3 0.002595
13 3 0.002205
14 3 0.001755
15 3 0.001304
16 3 0.000896
17 3 0.000548
18 3 0.000258
19 3 0.000000

0 4 0.000000
1 4 0.000245
2 4 0.000538
3 4 0.000920
4 4 0.001416
5 4 0.002022
6 4 0.002702
7 4 0.003386
8 4 0.003978
9 4 0.004383
10 4 0.004527
11 4 0.004383
12 4 0.003977
13 4 0.003382
14 4 0.002694
15 4 0.002003
16 4 0.001377
17 4 0.000844
18 4 0.000397
19 4 0.000000

0 5 0.000000
1 5 0.000351
2 5 0.000770
3 5 0.001316
4 5 0.002022
5 5 0.002884
6 5 0.003851
7 5 0.004822
8 5 0.005663
9 5 0.006237
10 5 0.006441
11 5 0.006236
12 5 0.005661
13 5 0.004817
14 5 0.003839
15 5 0.002858
16 5 0.001966
17 5 0.001206
18 5 0.000568
19 5 0.000000

0 6 0.000000
1 6 0.000470
2 6 0.001031
3 6 0.001760
4 6 0.002702
5 6 0.003851
6 6 0.005138
7 6 0.006429
8 6 0.007547
9 6 0.008309
10 6 0.008580
11 6 0.008308
12 6 0.007544
13 6 0.006422
14 6 0.005121
15 6 0.003815
16 6 0.002627
17 6 0.001613
18 6 0.000759
19 6 0.000000

0 7 0.000000
1 7 0.000590
2 7 0.001294
3 7 0.002208
4 7 0.003386
5 7 0.004822
6 7 0.006429
7 7 0.008040
8 7 0.009435
9 7 0.010386
10 7 0.010724
11 7 0.010385
12 7 0.009431
13 7 0.008031
14 7 0.006408
15 7 0.004776
16 7 0.003291
17 7 0.002022
18 7 0.000952
19 7 0.000000

0 8 0.000000
1 8 0.000695
2 8 0.001522
3 8 0.002595
4 8 0.003978
5 8 0.005663
6 8 0.007547
7 8 0.009435
8 8 0.011069
9 8 0.012183
10 8 0.012579
11 8 0.012182
12 8 0.011065
13 8 0.009425
14 8 0.007522
15 8 0.005609
16 8 0.003867
17 8 0.002377
18 8 0.001120
19 8 0.000000

0 9 0.000000
1 9 0.000766
2 9 0.001678
3 9 0.002860
4 9 0.004383
5 9 0.006237
6 9 0.008309
7 9 0.010386
8 9 0.012183
9 9 0.013408
10 9 0.013843
11 9 0.013407
12 9 0.012178
13 9 0.010375
14 9 0.008283
15 9 0.006177
16 9 0.004260
17 9 0.002619
18 9 0.001234
19 9 0.000000

0 10 0.000000
1 10 0.000791
2 10 0.001734
3 10 0.002955
4 10 0.004527
5 10 0.006441
6 10 0.008580
7 10 0.010724
8 10 0.012579
9 10 0.013843
10 10 0.014292
11 10 0.013842
12 10 0.012574
13 10 0.010712
14 10 0.008553
15 10 0.006379
16 10 0.004399
17 10 0.002705
18 10 0.001275
19 10 0.000000

0 11 0.000000
1 11 0.000766
2 11 0.001678
3 11 0.002860
4 11 0.004383
5 11 0.006236
6 11 0.008308
7 11 0.010385
8 11 0.012182
9 11 0.013407
10 11 0.013842
11 11 0.013405
12 11 0.012177
13 11 0.010374
14 11 0.008282
15 11 0.006177
16 11 0.004259
17 11 0.002619
18 11 0.001234
19 11 0.000000

0 12 0.000000
1 12 0.000694
2 12 0.001522
3 12 0.002595
4 12 0.003977
5 12 0.005661
6 12 0.007544
7 12 0.009431
8 12 0.011065
9 12 0.012178
10 12 0.012574
11 12 0.012177
12 12 0.011060
13 12 0.009421
14 12 0.007520
15 12 0.005607
16 12 0.003865
17 12 0.002376
18 12 0.001119
19 12 0.000000

0 13 0.000000
1 13 0.000590
2 13 0.001293
3 13 0.002205
4 13 0.003382
5 13 0.004817
6 13 0.006422
7 13 0.008031
8 13 0.009425
9 13 0.010375
10 13 0.010712
11 13 0.010374
12 13 0.009421
13 13 0.008023
14 13 0.006401
15 13 0.004771
16 13 0.003288
17 13 0.002020
18 13 0.000951
19 13 0.000000

0 14 0.000000
1 14 0.000469
2 14 0.001028
3 14 0.001755
4 14 0.002694
5 14 0.003839
6 14 0.005121
7 14 0.006408
8 14 0.007522
9 14 0.008283
10 14 0.008553
11 14 0.008282
12 14 0.007520
13 14 0.006401
14 14 0.005105
15 14 0.003803
16 14 0.002619
17 14 0.001608
18 14 0.000757
19 14 0.000000

0 15 0.000000
1 15 0.000348
2 15 0.000763
3 15 0.001304
4 15 0.002003
5 15 0.002858
6 15 0.003815
7 15 0.004776
8 15 0.005609
9 15 0.006177
10 15 0.006379
11 15 0.006177
12 15 0.005607
13 15 0.004771
14 15 0.003803
15 15 0.002831
16 15 0.001948
17 15 0.001195
18 15 0.000563
19 15 0.000000

0 16 0.000000
1 16 0.000238
2 16 0.000524
3 16 0.000896
4 16 0.001377
5 16 0.001966
6 16 0.002627
7 16 0.003291
8 16 0.003867
9 16 0.004260
10 16 0.004399
11 16 0.004259
12 16 0.003865
13 16 0.003288
14 16 0.002619
15 16 0.001948
16 16 0.001340
17 16 0.000821
18 16 0.000386
19 16 0.000000

0 17 0.000000
1 17 0.000146
2 17 0.000320
3 17 0.000548
4 17 0.000844
5 17 0.001206
6 17 0.001613
7 17 0.002022
8 17 0.002377
9 17 0.002619
10 17 0.002705
11 17 0.002619
12 17 0.002376
13 17 0.002020
14 17 0.001608
15 17 0.001195
16 17 0.000821
17 17 0.000503
18 17 0.000237
19 17 0.000000

0 18 0.000000
1 18 0.000068
2 18 0.000150
3 18 0.000258
4 18 0.000397
5 18 0.000568
6 18 0.000759
7 18 0.000952
8 18 0.001120
9 18 0.001234
10 18 0.001275
11 18 0.001234
12 18 0.001119
13 18 0.000951
14 18 0.000757
15 18 0.000563
16 18 0.000386
17 18 0.000237
18 18 0.000111
19 18 0.000000

0 19 0.000000
1 19 0.000000
2 19 0.000000
3 19 0.000000
4 19 0.000000
5 19 0.000000
6 19 0.000000
7 19 0.000000
8 19 0.000000
9 19 0.000000
10 19 0.000000
11 19 0.000000
12 19 0.000000
13 19 0.000000
14 19 0.000000
15 19 0.000000
16 19 0.000000
17 19 0.000000
18 19 0.000000
19 19 0.000000

