#:x y f
0 0 0.000000
1 0 0.000000
2 0 0.000000
3 0 0.000000
4 0 0.000000
5 0 0.000000
6 0 0.000000
7 0 0.000000
8 0 0.000000
9 0 0.000000
10 0 0.000000
11 0 0.000000
12 0 0.000000
13 0 0.000000
14 0 0.000000
15 0 0.000000
16 0 0.000000
17 0 0.000000
18 0 0.000000
19 0 0.000000

0 1 0.000000
1 1 0.000028
2 1 0.000063
3 1 0.000113
4 1 0.000183
5 1 0.000274
6 1 0.000381
7 1 0.000493
8 1 0.000593
9 1 0.000663
10 1 0.000688
11 1 0.000663
12 1 0.000593
13 1 0.000493
14 1 0.000381
15 1 0.000273
16 1 0.000180
17 1 0.000106
18 1 0.000048
19 1 0.000000

0 2 0.000000
1 2 0.000063
2 2 0.000143
3 2 0.000257
4 2 0.000416
5 2 0.000622
6 2 0.000865
7 2 0.001118
8 2 0.001344
9 2 0.001501
10 2 0.001557
11 2 0.001501
12 2 0.001344
13 2 0.001118
14 2 0.000864
15 2 0.000619
16 2 0.000409
17 2 0.000241
18 2 0.000110
19 2 0.000000

0 3 0.000000
1 3 0.000113
2 3 0.000257
3 3 0.000461
4 3 0.000745
5 3 0.001111
6 3 0.001542
7 3 0.001991
8 3 0.002391
9 3 0.002669
10 3 0.002769
11 3 0.002669
12 3 0.002391
13 3 0.001991
14 3 0.001540
15 3 0.001105
16 3 0.000731
17 3 0.000431
18 3 0.000197
19 3 0.000000

0 4 0.000000
1 4 0.000183
2 4 0.000416
3 4 0.000745
4 4 0.001200
5 4 0.001787
6 4 0.002477
7 4 0.003194
8 4 0.003832
9 4 0.004275
10 4 0.004434
11 4 0.004275
12 4 0.003832
13 4 0.003192
14 4 0.002473
15 4 0.001778
16 4 0.001177
17 4 0.000696
18 4 0.000319
19 4 0.000000

0 5 0.000000
1 5 0.000274
2 5 0.000622
3 5 0.001111
4 5 0.001787
5 5 0.002659
6 5 0.003679
7 5 0.004740
8 5 0.005682
9 5 0.006337
10 5 0.006571
11 5 0.006336
12 5 0.005681
13 5 0.004737
14 5 0.003673
15 5 0.002644
16 5 0.001753
17 5 0.001038
18 5 0.000476
19 5 0.000000

0 6 0.000000
1 6 0.000381
2 6 0.000865
3 6 0.001542
4 6 0.002477
5 6 0.003679
6 6 0.005086
7 6 0.006545
8 6 0.007842
9 6 0.008742
10 6 0.009064
11 6 0.008741
12 6 0.007841
13 6 0.006542
14 6 0.005077
15 6 0.003658
16 6 0.002429
17 6 0.001440
18 6 0.000660
19 6 0.000000

0 7 0.000000
1 7 0.000493
2 7 0.001118
3 7 0.001991
4 7 0.003194
5 7 0.004740
6 7 0.006545
7 7 0.008418
8 7 0.010080
9 7 0.011233
10 7 0.011646
11 7 0.011233
12 7 0.010079
13 7 0.008414
14 7 0.006534
15 7 0.004713
16 7 0.003132
17 7 0.001858
18 7 0.000853
19 7 0.000000

0 8 0.000000
1 8 0.000593
2 8 0.001344
3 8 0.002391
4 8 0.003832
5 8 0.005682
6 8 0.007842
7 8 0.010080
8 8 0.012066
9 8 0.013443
10 8 0.013936
11 8 0.013442
12 8 0.012064
13 8 0.010075
14 8 0.007828
15 8 0.005649
16 8 0.003757
17 8 0.002231
18 8 0.001024
19 8 0.000000

0 9 0.000000
1 9 0.000663
2 9 0.001501
3 9 0.002669
4 9 0.004275
5 9 0.006337
6 9 0.008742
7 9 0.011233
8 9 0.013443
9 9 0.014975
10 9 0.015524
11 9 0.014974
12 9 0.013440
13 9 0.011227
14 9 0.008726
15 9 0.006300
16 9 0.004191
17 9 0.002490
18 9 0.001144
19 9 0.000000

0 10 0.000000
1 10 0.000688
2 10 0.001557
3 10 0.002769
4 10 0.004434
5 10 0.006571
6 10 0.009064
7 10 0.011646
8 10 0.013936
9 10 0.015524
10 10 0.016093
11 10 0.015523
12 10 0.013934
13 10 0.011640
14 10 0.009048
15 10 0.006533
16 10 0.004347
17 10 0.002583
18 10 0.001186
19 10 0.000000

0 11 0.000000
1 11 0.000663
2 11 0.001501
3 11 0.002669
4 11 0.004275
5 11 0.006336
6 11 0.008741
7 11 0.011233
8 11 0.013442
9 11 0.014974
10 11 0.015523
11 11 0.014973
12 11 0.013440
13 11 0.011227
14 11 0.008726
15 11 0.006299
16 11 0.004191
17 11 0.002490
18 11 0.001144
19 11 0.000000

0 12 0.000000
1 12 0.000593
2 12 0.001344
3 12 0.002391
4 12 0.003832
5 12 0.005681
6 12 0.007841
7 12 0.010079
8 12 0.012064
9 12 0.013440
10 12 0.013934
11 12 0.013440
12 12 0.012062
13 12 0.010073
14 12 0.007827
15 12 0.005648
16 12 0.003756
17 12 0.002231
18 12 0.001024
19 12 0.000000

0 13 0.000000
1 13 0.000493
2 13 0.001118
3 13 0.001991
4 13 0.003192
5 13 0.004737
6 13 0.006542
7 13 0.008414
8 13 0.010075
9 13 0.011227
10 13 0.011640
11 13 0.011227
12 13 0.010073
13 13 0.008409
14 13 0.006531
15 13 0.004710
16 13 0.003130
17 13 0.001858
18 13 0.000853
19 13 0.000000

0 14 0.000000
1 14 0.000381
2 14 0.000864
3 14 0.001540
4 14 0.002473
5 14 0.003673
6 14 0.005077
7 14 0.006534
8 14 0.007828
9 14 0.008726
10 14 0.009048
11 14 0.008726
12 14 0.007827
13 14 0.006531
14 14 0.005069
15 14 0.003652
16 14 0.002425
17 14 0.001438
18 14 0.000659
19 14 0.000000

0 15 0.000000
1 15 0.000273
2 15 0.000619
3 15 0.001105
4 15 0.001778
5 15 0.002644
6 15 0.003658
7 15 0.004713
8 15 0.005649
9 15 0.006300
10 15 0.006533
11 15 0.006299
12 15 0.005648
13 15 0.004710
14 15 0.003652
15 15 0.002629
16 15 0.001744
17 15 0.001033
18 15 0.000473
19 15 0.000000

0 16 0.000000
1 16 0.000180
2 16 0.000409
3 16 0.000731
4 16 0.001177
5 16 0.001753
6 16 0.002429
7 16 0.003132
8 16 0.003757
9 16 0.004191
10 16 0.004347
11 16 0.004191
12 16 0.003756
13 16 0.003130
14 16 0.002425
15 16 0.001744
16 16 0.001155
17 16 0.000683
18 16 0.000313
19 16 0.000000

0 17 0.000000
1 17 0.000106
2 17 0.000241
3 17 0.000431
4 17 0.000696
5 17 0.001038
6 17 0.001440
7 17 0.001858
8 17 0.002231
9 17 0.002490
10 17 0.002583
11 17 0.002490
12 17 0.002231
13 17 0.001858
14 17 0.001438
15 17 0.001033
16 17 0.000683
17 17 0.000404
18 17 0.000185
19 17 0.000000

0 18 0.000000
1 18 0.000048
2 18 0.000110
3 18 0.000197
4 18 0.000319
5 18 0.000476
6 18 0.000660
7 18 0.000853
8 18 0.001024
9 18 0.001144
10 18 0.001186
11 18 0.001144
12 18 0.001024
13 18 0.000853
14 18 0.000659
15 18 0.000473
16 18 0.000313
17 18 0.000185
18 18 0.000084
19 18 0.000000

0 19 0.000000
1 19 0.000000
2 19 0.000000
3 19 0.000000
4 19 0.000000
5 19 0.000000
6 19 0.000000
7 19 0.000000
8 19 0.000000
9 19 0.000000
10 19 0.000000
11 19 0.000000
12 19 0.000000
13 19 0.000000
14 19 0.000000
15 19 0.000000
16 19 0.000000
17 19 0.000000
18 19 0.000000
19 19 0.000000

